125
126
97
98
99
100
101
102
103
104
105
106
107
108
109
110
97
98
99
100
101
102
103
104
105
106
107
108
109
110
97
98
99
100
101
102
103
104
105
106
107
108
109
110
129
132
130
133
35
131
134
34
125
126
97
98
99
100
101
102
103
104
105
106
107
108
109
110
97
98
99
100
101
102
103
104
105
106
107
108
109
110
97
98
99
100
101
102
103
104
105
106
107
108
109
110
129
132
130
133
35
131
134
34
125
126
97
98
99
100
101
102
103
104
105
106
107
108
109
110
135
140
136
141
138
143
105
37
97
39
99
41
101
43
103
45
139
144
38
125
126
135
140
136
141
137
142
